Hernan:
    Innit:
        x: 0.3
        y: 1.1
        z: 0.0
        th: 0.0
    Goal:
        x: 9.6
        y: 2.1
        z: 0.0

Frank-bot
    Innit:
        x: 0.3
        y: 0.6
        z: 0.0
        th:0.0
    Goal:
        x: 12.517017364501953
        y: 1.903038740158081
        z: 0.18848800659179688
